FLOPs: 53284.0
Parameters: 52281.0
MSE: 0.3213818669319153
RMSE: 0.5669054985046387
MAE: 0.42295172810554504
R-squared: 0.4437136650085449
sMAPE: 65.07076025009155
