FLOPs: 139236.0
Parameters: 137209.0
MSE: 0.31985920667648315
RMSE: 0.5655609369277954
MAE: 0.4248686730861664
R-squared: 0.44406718015670776
sMAPE: 65.05358219146729
