FLOPs: 40292.0
Parameters: 39417.0
MSE: 0.33079609274864197
RMSE: 0.5751487612724304
MAE: 0.4313417673110962
R-squared: 0.4226948022842407
sMAPE: 67.47980117797852
