FLOPs: 53184.0
Parameters: 52171.0
MSE: 0.34895503520965576
RMSE: 0.5907241702079773
MAE: 0.43548890948295593
R-squared: 0.3971879780292511
sMAPE: 66.06752872467041
